25319448;51.3500231,6.8496402 51.3494089,6.8513032 51.3497931,6.8516670 51.3499678,6.8511938 51.3504375,6.8516385 51.3507874,6.8506912 51.3509239,6.8508205 51.3510135,6.8505779 51.3500231,6.8496402
42653828;51.3449209,6.8378019 51.3452921,6.8389698 51.3452191,6.8390283 51.3443994,6.8396993 51.3441481,6.8399050 51.3441414,6.8398785 51.3439625,6.8393237 51.3437760,6.8387398 51.3449209,6.8378019
57357848;51.3061030,6.8254337 51.3056328,6.8265114 51.3050319,6.8258405 51.3053569,6.8250958 51.3054802,6.8252335 51.3055421,6.8250916 51.3055105,6.8250563 51.3055256,6.8250217 51.3054128,6.8248956 51.3053842,6.8249611 51.3053129,6.8248815 51.3054097,6.8246596 51.3061030,6.8254337
92246591;51.3043886,6.8341665 51.3044713,6.8334617 51.3046383,6.8335119 51.3046267,6.8336107 51.3046183,6.8336082 51.3045920,6.8338317 51.3045352,6.8338147 51.3045100,6.8340296 51.3047411,6.8340990 51.3047565,6.8339672 51.3048657,6.8340000 51.3048833,6.8338501 51.3050999,6.8339152 51.3050820,6.8340683 51.3050238,6.8340508 51.3049891,6.8343469 51.3043886,6.8341665
92246594;51.3052591,6.8312551 51.3051940,6.8317939 51.3054608,6.8318765 51.3052555,6.8335743 51.3044439,6.8333232 51.3044068,6.8333117 51.3043507,6.8333027 51.3044538,6.8324530 51.3044252,6.8324457 51.3045800,6.8311678 51.3046993,6.8311988 51.3048189,6.8312358 51.3048338,6.8311127 51.3049266,6.8311414 51.3049313,6.8311022 51.3050442,6.8311371 51.3050246,6.8312990 51.3051678,6.8313433 51.3051814,6.8312311 51.3052591,6.8312551
92713973;51.3065859,6.8330410 51.3067040,6.8330772 51.3067381,6.8330837 51.3067635,6.8330807 51.3067895,6.8330887 51.3068599,6.8331223 51.3069254,6.8331025 51.3070368,6.8331442 51.3070822,6.8331523 51.3071104,6.8331670 51.3071242,6.8330551 51.3071525,6.8328063 51.3071894,6.8325240 51.3072223,6.8322390 51.3073203,6.8314596 51.3071638,6.8314127 51.3070157,6.8313673 51.3069138,6.8313364 51.3068517,6.8313121 51.3067919,6.8317309 51.3067478,6.8317178 51.3067193,6.8319442 51.3067894,6.8319654 51.3067557,6.8322164 51.3067522,6.8322693 51.3067269,6.8322600 51.3067122,6.8323787 51.3067063,6.8324470 51.3066645,6.8327672 51.3066616,6.8328222 51.3066225,6.8328100 51.3066148,6.8328019 51.3065859,6.8330410
92714581;51.3057778,6.8366166 51.3058798,6.8365119 51.3059493,6.8365192 51.3060445,6.8364227 51.3061228,6.8364195 51.3065249,6.8359970 51.3067352,6.8356064 51.3065556,6.8351764 51.3065052,6.8352303 51.3064671,6.8351392 51.3061075,6.8355236 51.3060846,6.8354688 51.3059333,6.8356305 51.3059070,6.8355674 51.3057556,6.8357292 51.3057293,6.8356664 51.3055902,6.8358151 51.3055629,6.8357496 51.3054094,6.8359136 51.3053813,6.8358466 51.3051748,6.8360673 51.3052906,6.8363447 51.3053465,6.8362850 51.3055077,6.8366802 51.3056033,6.8367145 51.3056975,6.8366110 51.3057778,6.8366166
92715268;51.3084000,6.8349271 51.3089122,6.8346439 51.3086153,6.8332703 51.3085101,6.8333285 51.3084750,6.8331661 51.3081064,6.8333699 51.3081396,6.8335237 51.3081013,6.8335449 51.3084000,6.8349271
92715270;51.3093153,6.8335017 51.3088677,6.8337432 51.3090394,6.8345573 51.3094870,6.8343158 51.3093153,6.8335017
92715275;51.3079503,6.8345958 51.3077769,6.8346914 51.3079371,6.8354349 51.3081104,6.8353394 51.3079503,6.8345958
92715282;51.3073839,6.8335229 51.3073698,6.8334567 51.3071978,6.8335502 51.3072195,6.8336522 51.3072808,6.8339521 51.3073770,6.8344052 51.3075511,6.8343106 51.3073839,6.8335229
92876302;51.3111811,6.8331012 51.3112073,6.8331022 51.3113497,6.8331075 51.3113458,6.8331974 51.3117786,6.8332162 51.3117779,6.8331607 51.3121791,6.8329417 51.3121845,6.8327448 51.3121245,6.8327401 51.3121288,6.8325935 51.3120165,6.8324197 51.3120507,6.8323495 51.3120219,6.8322982 51.3120529,6.8322468 51.3120219,6.8321852 51.3120539,6.8321373 51.3120240,6.8320791 51.3120561,6.8320226 51.3120261,6.8319644 51.3120604,6.8319199 51.3120283,6.8318617 51.3120668,6.8318104 51.3120293,6.8317590 51.3120336,6.8316546 51.3120828,6.8316136 51.3120582,6.8312371 51.3119887,6.8312353 51.3120289,6.8292570 51.3116208,6.8292365 51.3116187,6.8293493 51.3114747,6.8293471 51.3114747,6.8294127 51.3113818,6.8294127 51.3113804,6.8295571 51.3113339,6.8295549 51.3113284,6.8297846 51.3113790,6.8297868 51.3113421,6.8313532 51.3113038,6.8313488 51.3112970,6.8316660 51.3113366,6.8316704 51.3113312,6.8317842 51.3112600,6.8317798 51.3112518,6.8321079 51.3112313,6.8321057 51.3112272,6.8322829 51.3111930,6.8322851 51.3111909,6.8324299 51.3111811,6.8331012
92876765;51.3099729,6.8321944 51.3100968,6.8320145 51.3101150,6.8312965 51.3100934,6.8312529 51.3099229,6.8312438 51.3099218,6.8313365 51.3098741,6.8314038 51.3098604,6.8319963 51.3099729,6.8321944
92876769;51.3101926,6.8318188 51.3103544,6.8318268 51.3103561,6.8317374 51.3103885,6.8317390 51.3103947,6.8314231 51.3103823,6.8314225 51.3103827,6.8314022 51.3103742,6.8314017 51.3103795,6.8311291 51.3104622,6.8311332 51.3104676,6.8308579 51.3103815,6.8308536 51.3103847,6.8306889 51.3102248,6.8306809 51.3102098,6.8314522 51.3101998,6.8314517 51.3101926,6.8318188
92876770;51.3092411,6.8311018 51.3092103,6.8322047 51.3092553,6.8322080 51.3092496,6.8324118 51.3095336,6.8324321 51.3095394,6.8322269 51.3095877,6.8322303 51.3095899,6.8321492 51.3096205,6.8311289 51.3092411,6.8311018
95878444;51.2920702,6.8612797 51.2916655,6.8610481 51.2916204,6.8612522 51.2920243,6.8614835 51.2920702,6.8612797
95878481;51.2937680,6.8623553 51.2937381,6.8624909 51.2941135,6.8627026 51.2941433,6.8625660 51.2937680,6.8623553
95878548;51.2924677,6.8615071 51.2920702,6.8612797 51.2920243,6.8614835 51.2920172,6.8615153 51.2924144,6.8617434 51.2924677,6.8615071
95878584;51.2935142,6.8622440 51.2934967,6.8623254 51.2937154,6.8624455 51.2937330,6.8623636 51.2935142,6.8622440
105035123;51.2918232,6.8296837 51.2919758,6.8297097 51.2919868,6.8295447 51.2919365,6.8295361 51.2919671,6.8290761 51.2920995,6.8290987 51.2920866,6.8292919 51.2921716,6.8293064 51.2921845,6.8291125 51.2921600,6.8291083 51.2921776,6.8288426 51.2918045,6.8287791 51.2918091,6.8287091 51.2915835,6.8286707 51.2915718,6.8288464 51.2915056,6.8288351 51.2914854,6.8291383 51.2915955,6.8291570 51.2915721,6.8295080 51.2917544,6.8295390 51.2917565,6.8295074 51.2918341,6.8295206 51.2918232,6.8296837
105039225;51.2904654,6.8360101 51.2903929,6.8363734 51.2908791,6.8366214 51.2909516,6.8362582 51.2908368,6.8361996 51.2904654,6.8360101
106539240;51.2947764,6.8303728 51.2947744,6.8304923 51.2947405,6.8304909 51.2947347,6.8308402 51.2947357,6.8310172 51.2947249,6.8315690 51.2942136,6.8315474 51.2942165,6.8313719 51.2941505,6.8313691 51.2941524,6.8312500 51.2942101,6.8312524 51.2942220,6.8305282 51.2941568,6.8305255 51.2941598,6.8303468 51.2947764,6.8303728
128287148;51.2913535,6.8616844 51.2912510,6.8616293 51.2912380,6.8616911 51.2912466,6.8616957 51.2912334,6.8617584 51.2912700,6.8617781 51.2912825,6.8617188 51.2913398,6.8617496 51.2913535,6.8616844
135924640;51.3445102,6.8356932 51.3446363,6.8359465 51.3443758,6.8362874 51.3442035,6.8363658 51.3442175,6.8364354 51.3439038,6.8365654 51.3438828,6.8364017 51.3437245,6.8364555 51.3436208,6.8362313 51.3436082,6.8361371 51.3438940,6.8360116 51.3438561,6.8357627 51.3442791,6.8356281 51.3443225,6.8359129 51.3445102,6.8356932
135924751;51.3453630,6.8356784 51.3455121,6.8360832 51.3455918,6.8360079 51.3456475,6.8361590 51.3448066,6.8369532 51.3446018,6.8363973 51.3453630,6.8356784
135924778;51.3460829,6.8376173 51.3461910,6.8379330 51.3456748,6.8383858 51.3455668,6.8380701 51.3460829,6.8376173
135928886;51.3416279,6.8351232 51.3417483,6.8351994 51.3415956,6.8358654 51.3416713,6.8359169 51.3417007,6.8357958 51.3419598,6.8359438 51.3419248,6.8360627 51.3421111,6.8361703 51.3421797,6.8358586 51.3421531,6.8356949 51.3421965,6.8356523 51.3422764,6.8359102 51.3421881,6.8363676 51.3420831,6.8368273 51.3420144,6.8367892 51.3420397,6.8366143 51.3419332,6.8365537 51.3419318,6.8364237 51.3418744,6.8363856 51.3418520,6.8364999 51.3415774,6.8363429 51.3416895,6.8367107 51.3416475,6.8367376 51.3417063,6.8369730 51.3417581,6.8369416 51.3419150,6.8374932 51.3418324,6.8375448 51.3413757,6.8360604 51.3413967,6.8359416 51.3414528,6.8359640 51.3416195,6.8351478 51.3416279,6.8351232
135928915;51.3422200,6.8344565 51.3424421,6.8351928 51.3422991,6.8353032 51.3423721,6.8355453 51.3423122,6.8355916 51.3420172,6.8346132 51.3422200,6.8344565
165849514;51.3429048,6.8472617 51.3423350,6.8466355 51.3421342,6.8471039 51.3427040,6.8477301 51.3429048,6.8472617
165877391;51.3069900,6.8335126 51.3064497,6.8333495 51.3062833,6.8347597 51.3068236,6.8349228 51.3069900,6.8335126
189020926;51.2960771,6.8620426 51.2960667,6.8621464 51.2961192,6.8621598 51.2961217,6.8621340 51.2961599,6.8621438 51.2961516,6.8622265 51.2961919,6.8622368 51.2961971,6.8621848 51.2962191,6.8621904 51.2963243,6.8622210 51.2963356,6.8621089 51.2960771,6.8620426
217519743;51.3095899,6.8321492 51.3097597,6.8321613 51.3097687,6.8318409 51.3096456,6.8318320 51.3096505,6.8316546 51.3097445,6.8316614 51.3097596,6.8311202 51.3096210,6.8311103 51.3095899,6.8321492
221098942;51.3364523,6.8486406 51.3366105,6.8491419 51.3363963,6.8493133 51.3362385,6.8488119 51.3364523,6.8486406
242877753;51.3419107,6.8917864 51.3418972,6.8917817 51.3418508,6.8917613 51.3418592,6.8917099 51.3418224,6.8916945 51.3418137,6.8917474 51.3417938,6.8919236 51.3417141,6.8918901 51.3416969,6.8919944 51.3416519,6.8921989 51.3417412,6.8922364 51.3417180,6.8923770 51.3416780,6.8924786 51.3417039,6.8924894 51.3417873,6.8925340 51.3419107,6.8917864
255493112;51.3437969,6.8366846 51.3434169,6.8372064 51.3435454,6.8374463 51.3439254,6.8369244 51.3437969,6.8366846
268108369;51.2907971,6.8357681 51.2907996,6.8357554 51.2908370,6.8357744 51.2908031,6.8359451 51.2907657,6.8359261 51.2907971,6.8357681
279194176;51.3407826,6.8690076 51.3407611,6.8689079 51.3405057,6.8690549 51.3405281,6.8691538 51.3407246,6.8700180 51.3409778,6.8698719 51.3407826,6.8690076
280076345;51.3335435,6.9038385 51.3335948,6.9038169 51.3335207,6.9036825 51.3334861,6.9037311 51.3334557,6.9037120 51.3333256,6.9038961 51.3333891,6.9040567 51.3334314,6.9039994 51.3335435,6.9038385
281402455;51.3434626,6.8939012 51.3433709,6.8939768 51.3434325,6.8941684 51.3435242,6.8940928 51.3434626,6.8939012
284229743;51.2947379,6.8630240 51.2947440,6.8629854 51.2945480,6.8628735 51.2945213,6.8629918 51.2947204,6.8631041 51.2947379,6.8630240
288960429;51.2938193,6.8447203 51.2937599,6.8447614 51.2937771,6.8448245 51.2937598,6.8448366 51.2937182,6.8448422 51.2937427,6.8449322 51.2938557,6.8448538 51.2938193,6.8447203
305843272;51.3049891,6.8343469 51.3049685,6.8345224 51.3050791,6.8345556 51.3050602,6.8347168 51.3049492,6.8346835 51.3049408,6.8347546 51.3044537,6.8346083 51.3044630,6.8345290 51.3043608,6.8344983 51.3043886,6.8341665 51.3049891,6.8343469
306854621;51.3365497,6.8483634 51.3363580,6.8485182 51.3363155,6.8483832 51.3365072,6.8482284 51.3365497,6.8483634
306854622;51.3356518,6.8469483 51.3355702,6.8469812 51.3355459,6.8468271 51.3356276,6.8467942 51.3356518,6.8469483
306854636;51.3368202,6.8484781 51.3367710,6.8483554 51.3368825,6.8482420 51.3369950,6.8481277 51.3370442,6.8482487 51.3368202,6.8484781
306854637;51.3368825,6.8482420 51.3367710,6.8483554 51.3366872,6.8481475 51.3367996,6.8480335 51.3368825,6.8482420
306854638;51.3368113,6.8477842 51.3366268,6.8479734 51.3365561,6.8477968 51.3367406,6.8476076 51.3368113,6.8477842
306854639;51.3367423,6.8475017 51.3365211,6.8477268 51.3364600,6.8475731 51.3366813,6.8473480 51.3367423,6.8475017
306854651;51.3365072,6.8482284 51.3363155,6.8483832 51.3363045,6.8483921 51.3362633,6.8482615 51.3362785,6.8481888 51.3362983,6.8481980 51.3363594,6.8481495 51.3363788,6.8481663 51.3364584,6.8481008 51.3365072,6.8482284
307735997;51.3302455,6.8405542 51.3300994,6.8403900 51.3302416,6.8400661 51.3303877,6.8402303 51.3302455,6.8405542
307735999;51.3303049,6.8410503 51.3303632,6.8411575 51.3305378,6.8409144 51.3304349,6.8407252 51.3303066,6.8409039 51.3303512,6.8409859 51.3303049,6.8410503
725805655;51.3053193,6.8350662 51.3053540,6.8347797 51.3059503,6.8349647 51.3059156,6.8352512 51.3057229,6.8351914 51.3053193,6.8350662
1001081374;51.3453187,6.8369293 51.3452544,6.8367541 51.3454282,6.8365905 51.3454924,6.8367652 51.3457061,6.8365640 51.3460488,6.8374971 51.3453813,6.8381254 51.3450380,6.8371929 51.3453187,6.8369293
1272657887;51.3361799,6.8478486 51.3361936,6.8478419 51.3361984,6.8478654 51.3362457,6.8478362 51.3362359,6.8477973 51.3363022,6.8477587 51.3363197,6.8478341 51.3363361,6.8478251 51.3363551,6.8479021 51.3363715,6.8478925 51.3363921,6.8479805 51.3362361,6.8480713 51.3361945,6.8479067 51.3361799,6.8478486
1272657888;51.3360247,6.8479187 51.3361162,6.8478664 51.3361256,6.8479083 51.3361728,6.8478803 51.3361668,6.8478573 51.3361799,6.8478486 51.3361945,6.8479067 51.3362361,6.8480713 51.3360801,6.8481620 51.3360431,6.8479944 51.3360247,6.8479187
